c_reactant_Conf001-aVTZ.log -465.244365637 117.079 -465.188737
c_reactant_Conf002-aVTZ.log -465.244536075 116.872 -465.189006
c_reactant_Conf003-aVTZ.log -465.243575076 117.073 -465.187950
c_reactant_Conf004-aVTZ.log -465.243784073 117.588 -465.187914
c_reactant_Conf005-aVTZ.log -465.243187668 116.232 -465.187962
c_reactant_Conf006-aVTZ.log -465.243277214 116.549 -465.187901
c_reactant_Conf007-aVTZ.log -465.243796143 117.596 -465.187923
c_reactant_Conf008-aVTZ.log -465.244513534 116.640 -465.189094
c_reactant_Conf009-aVTZ.log -465.244516308 118.263 -465.188326
c_reactant_Conf010-aVTZ.log -465.243612828 116.736 -465.188148
c_reactant_Conf012-aVTZ.log -465.243521614 116.593 -465.188125
c_reactant_Conf013-aVTZ.log -465.243849829 116.939 -465.188288
c_reactant_Conf014-aVTZ.log -465.243748087 116.941 -465.188186
c_reactant_Conf016-aVTZ.log -465.243576896 116.684 -465.188137
c_reactant_Conf017-aVTZ-GLOBAL-MINIMUM.log -465.244698010 116.434 -465.189376
c_reactant_Conf032-aVTZ.log -465.243257187 115.948 -465.188167
c_reactant_Conf036-aVTZ.log -465.243593678 116.522 -465.188231
c_reactant_Conf037-aVTZ.log -465.243219934 115.794 -465.188203
c_reactant_Conf038-aVTZ.log -465.243739182 116.632 -465.188323
c_reactant_Conf041-aVTZ.log -465.243292188 115.696 -465.188321
c_reactant_Conf042-aVTZ.log -465.244041202 116.709 -465.188589
c_reactant_Conf045-aVTZ.log -465.243275607 115.883 -465.188216
c_reactant_Conf046-aVTZ.log -465.243249722 115.782 -465.188238
c_reactant_Conf052-aVTZ.log -465.243937360 116.305 -465.188677
c_reactant_Conf061-aVTZ.log -465.243041693 117.310 -465.187304
c_reactant_Conf062-aVTZ.log -465.243454963 115.712 -465.188476
c_reactant_Conf063-aVTZ.log -465.243657673 116.096 -465.188496
c_reactant_Conf064-aVTZ.log -465.243731863 116.136 -465.188552
c_reactant_Conf068-aVTZ.log -465.243758819 116.122 -465.188585
c_reactant_Conf069-aVTZ.log -465.243751980 116.036 -465.188620
c_reactant_Conf070-aVTZ.log -465.243874315 116.452 -465.188544
c_reactant_Conf074-aVTZ.log -465.243514597 115.698 -465.188543
c_reactant_Conf107-aVTZ.log -465.242750633 114.446 -465.188374
c_reactant_Conf142-aVTZ.log -465.242839296 115.900 -465.187771
c_reactant_Conf143-aVTZ.log -465.242839674 116.012 -465.187719
c_reactant_Conf145-aVTZ.log -465.242876285 116.130 -465.187699
c_reactant_Conf149-aVTZ.log -465.242914722 115.804 -465.187893
c_reactant_Conf152-aVTZ.log -465.242682863 115.648 -465.187735
c_reactant_Conf197-aVTZ.log -465.242658909 115.468 -465.187797
